data_lon 	 data_lat 	 data_v 	 model_v
 21.9090 	  43.9640 	  1.3550 	 -2.9449
-28.8570 	 -42.5230 	  37.9210 	  4.8180
 3.5310 	  28.4590 	 -19.4480 	 -0.0269
-94.3410 	  23.5930 	 -26.6010 	  19.0484
 124.9140 	 -20.3400 	 -53.3850 	 -21.1178
-98.7700 	  24.8510 	  51.0510 	  19.4136
-125.8390 	  44.6220 	 -34.6630 	  13.2480
 140.1430 	 -16.7670 	 -24.3660 	 -19.6041
 134.1590 	  49.7440 	 -30.5890 	 -9.8721
 133.9630 	 -28.7190 	 -33.2800 	 -16.1426
 114.0720 	 -36.2770 	 -8.6740 	 -16.0165
 92.1380 	 -25.3370 	  13.1740 	 -17.7710
-82.8230 	 -35.4210 	  11.1570 	  14.8755
-21.8170 	 -26.7110 	 -0.0460 	  2.1002
-64.9270 	 -57.8270 	  6.3670 	  8.7352
-161.5730 	  54.6250 	  36.8390 	  4.5946
 94.0020 	  27.4170 	  25.4850 	 -17.5829
 174.4630 	 -56.1560 	 -20.2920 	 -0.7503
-98.9750 	 -41.3750 	 -8.6770 	  15.1938
-99.3070 	 -40.9010 	 -17.7480 	  15.3309
 120.0260 	 -19.5090 	 -12.9160 	 -22.0118
 78.4260 	 -24.6980 	  33.2570 	 -14.7559
 122.2790 	 -23.1810 	  3.8160 	 -20.1102
-93.0130 	 -41.9960 	 -49.9240 	  14.6923
-21.4880 	 -56.6300 	 -4.2930 	  3.4518
-85.6880 	 -27.3200 	  43.5220 	  16.6376
 114.4160 	 -18.4210 	 -44.2050 	 -22.7438
 123.7490 	 -50.1750 	 -7.4370 	 -11.0317
 110.9650 	 -28.3520 	 -27.2990 	 -18.6412
-11.2820 	  51.3750 	 -58.4890 	  2.1017
 35.9710 	 -29.8550 	 -0.8320 	 -4.4514
 108.7630 	 -41.4250 	  27.2610 	 -14.5896
 161.1390 	  42.8800 	  4.7710 	 -5.4247
 123.0930 	 -45.4390 	 -36.4200 	 -12.5191
 148.8950 	 -29.7450 	  22.3770 	 -11.8523
 2.7540 	  50.2640 	 -19.9980 	  0.0200
 63.6700 	 -29.0700 	  9.2220 	 -10.7742
 91.4890 	  47.9540 	 -11.1580 	 -12.3140
 75.9890 	 -34.2220 	  6.9940 	 -13.2347
 100.3000 	  53.4780 	 -63.8510 	 -11.0357
 11.2090 	  54.6320 	 -37.0990 	 -1.1482
 98.2690 	  40.3760 	 -11.5460 	 -14.6945
 133.2360 	  42.4030 	 -36.7050 	 -12.0714
-72.5440 	  22.9480 	  10.3860 	  13.5693
 83.0990 	 -45.4670 	  38.9910 	 -12.2565
-179.1630 	 -59.4900 	 -35.9780 	  0.6446
 88.2160 	 -55.5640 	  29.4370 	 -10.0976
 10.3920 	  11.1640 	  2.1280 	  6.4748
 14.8920 	  50.1220 	 -33.1400 	 -1.7934
 60.3420 	  42.9390 	 -17.2380 	 -9.4975
 107.3180 	 -45.3260 	 -24.3530 	 -13.4453
 123.9070 	 -37.4380 	 -8.1540 	 -14.8851
 138.2790 	  31.0330 	 -32.8170 	 -14.4252
-160.5090 	  33.1460 	  0.8400 	  7.7640
 179.7860 	  51.7090 	 -3.2530 	  0.3838
-159.9170 	  53.2070 	  12.2600 	  5.1325
-113.4990 	  40.7490 	  3.2990 	  15.3871
-107.7240 	  49.8780 	  6.4920 	  12.9249
-92.3690 	  52.7450 	  17.6240 	  11.9465
 120.5560 	  58.0480 	  19.7780 	 -8.9376
-16.0220 	  47.2060 	 -26.4620 	  2.8287
 84.5150 	  42.1890 	 -36.7410 	 -13.1214
 40.5380 	 -40.9560 	  44.3160 	 -6.0724
 47.4730 	 -44.8150 	 -7.5120 	 -7.1694
-155.0730 	 -41.7560 	 -7.9240 	  8.0741
-86.5340 	 -30.6110 	  82.3660 	  16.2659
-102.0380 	 -28.5690 	 -9.7450 	  18.7282
-73.6320 	 -27.1580 	  108.8810 	  13.8508
-51.4090 	  52.1610 	  8.6930 	  7.9860
-9.6270 	 -32.6010 	  83.1470 	  1.4201
-86.8100 	  33.0800 	  93.8170 	  15.8824
-154.5160 	 -46.3250 	 -1.5610 	  7.4363
 177.0830 	  39.9380 	 -104.2280 	 -0.6328
 33.8980 	  49.4580 	 -19.0000 	 -4.7223
 38.4020 	 -43.3340 	  7.4640 	 -5.6733
-138.0210 	 -34.6500 	  4.8740 	  14.0254
-1.2670 	 -31.0030 	  37.5020 	  0.4183
-14.1020 	 -58.3670 	  38.6490 	  2.3810
 106.6720 	 -34.6580 	 -18.7380 	 -16.6063
 117.0870 	 -31.5440 	 -8.4040 	 -17.3928
-98.7840 	 -40.9270 	  15.2850 	  15.3009
-4.8210 	 -50.8650 	  38.6170 	  1.1459
 4.5090 	 -48.4650 	  49.7610 	 -0.2570
-46.7080 	 -44.8370 	  24.6090 	  7.8252
 121.2330 	 -25.4240 	 -47.2680 	 -19.2899
 122.7960 	 -27.2600 	 -60.0010 	 -18.4358
 128.7830 	 -23.9550 	 -31.0870 	 -18.9144
 138.7030 	 -29.6440 	 -10.7420 	 -14.7623
 143.9810 	  28.0180 	  16.2450 	 -13.8561
-121.4730 	  42.7860 	 -8.2660 	  14.2411
-130.9150 	  58.9080 	  21.1590 	  8.7053
-160.1960 	  29.4160 	  2.8550 	  8.4840
-143.1100 	  24.6340 	  20.3780 	  15.6924
-135.2470 	  28.3670 	 -3.2370 	  16.5188
 174.3150 	  45.5960 	 -9.5540 	 -1.2824
-134.6270 	  43.5390 	  52.1570 	  12.2847
-126.6300 	  43.4830 	  42.9250 	  13.4772
 136.6570 	  32.6780 	 -20.2410 	 -14.2826
 163.8950 	  48.5290 	 -57.8810 	 -3.9147
 120.1740 	 -17.1260 	 -24.5370 	 -23.3267
