data_lon 	 data_lat 	 data_v 	 model_v
 21.9090 	  43.9640 	  1.3550 	 -2.5043
-28.8570 	 -42.5230 	  37.9210 	  4.2389
 3.5310 	  28.4590 	 -19.4480 	  0.0791
-94.3410 	  23.5930 	 -26.6010 	  18.7625
 124.9140 	 -20.3400 	 -53.3850 	 -22.8606
-98.7700 	  24.8510 	  51.0510 	  19.4128
-125.8390 	  44.6220 	 -34.6630 	  13.4715
 140.1430 	 -16.7670 	 -24.3660 	 -22.2851
 134.1590 	  49.7440 	 -30.5890 	 -10.0787
 133.9630 	 -28.7190 	 -33.2800 	 -17.2157
 114.0720 	 -36.2770 	 -8.6740 	 -16.2633
 92.1380 	 -25.3370 	  13.1740 	 -17.3666
-82.8230 	 -35.4210 	  11.1570 	  14.2528
-21.8170 	 -26.7110 	 -0.0460 	  1.3660
-64.9270 	 -57.8270 	  6.3670 	  8.3208
-161.5730 	  54.6250 	  36.8390 	  4.7134
 94.0020 	  27.4170 	  25.4850 	 -17.2464
 174.4630 	 -56.1560 	 -20.2920 	 -0.7860
-98.9750 	 -41.3750 	 -8.6770 	  15.0411
-99.3070 	 -40.9010 	 -17.7480 	  15.1441
 120.0260 	 -19.5090 	 -12.9160 	 -23.6887
 78.4260 	 -24.6980 	  33.2570 	 -13.6591
 122.2790 	 -23.1810 	  3.8160 	 -21.4163
-93.0130 	 -41.9960 	 -49.9240 	  14.4020
-21.4880 	 -56.6300 	 -4.2930 	  3.1901
-85.6880 	 -27.3200 	  43.5220 	  15.9632
 114.4160 	 -18.4210 	 -44.2050 	 -24.1982
 123.7490 	 -50.1750 	 -7.4370 	 -11.1835
 110.9650 	 -28.3520 	 -27.2990 	 -19.1714
-11.2820 	  51.3750 	 -58.4890 	  1.9204
 35.9710 	 -29.8550 	 -0.8320 	 -3.3812
 108.7630 	 -41.4250 	  27.2610 	 -14.6754
 161.1390 	  42.8800 	  4.7710 	 -5.7081
 123.0930 	 -45.4390 	 -36.4200 	 -12.7107
 148.8950 	 -29.7450 	  22.3770 	 -12.7923
 2.7540 	  50.2640 	 -19.9980 	  0.0616
 63.6700 	 -29.0700 	  9.2220 	 -9.4882
 91.4890 	  47.9540 	 -11.1580 	 -12.0051
 75.9890 	 -34.2220 	  6.9940 	 -12.4111
 100.3000 	  53.4780 	 -63.8510 	 -10.9013
 11.2090 	  54.6320 	 -37.0990 	 -0.9991
 98.2690 	  40.3760 	 -11.5460 	 -14.4970
 133.2360 	  42.4030 	 -36.7050 	 -12.4717
-72.5440 	  22.9480 	  10.3860 	  12.1128
 83.0990 	 -45.4670 	  38.9910 	 -11.7834
-179.1630 	 -59.4900 	 -35.9780 	  0.6429
 88.2160 	 -55.5640 	  29.4370 	 -9.7896
 10.3920 	  11.1640 	  2.1280 	  5.1045
 14.8920 	  50.1220 	 -33.1400 	 -1.5532
 60.3420 	  42.9390 	 -17.2380 	 -8.7256
 107.3180 	 -45.3260 	 -24.3530 	 -13.3913
 123.9070 	 -37.4380 	 -8.1540 	 -15.3369
 138.2790 	  31.0330 	 -32.8170 	 -15.3651
-160.5090 	  33.1460 	  0.8400 	  8.2959
 179.7860 	  51.7090 	 -3.2530 	  0.3771
-159.9170 	  53.2070 	  12.2600 	  5.2694
-113.4990 	  40.7490 	  3.2990 	  15.5670
-107.7240 	  49.8780 	  6.4920 	  12.8623
-92.3690 	  52.7450 	  17.6240 	  11.6723
 120.5560 	  58.0480 	  19.7780 	 -8.9603
-16.0220 	  47.2060 	 -26.4620 	  2.5255
 84.5150 	  42.1890 	 -36.7410 	 -12.6329
 40.5380 	 -40.9560 	  44.3160 	 -5.3013
 47.4730 	 -44.8150 	 -7.5120 	 -6.4549
-155.0730 	 -41.7560 	 -7.9240 	  8.4475
-86.5340 	 -30.6110 	  82.3660 	  15.6622
-102.0380 	 -28.5690 	 -9.7450 	  18.7782
-73.6320 	 -27.1580 	  108.8810 	  12.6812
-51.4090 	  52.1610 	  8.6930 	  7.4384
-9.6270 	 -32.6010 	  83.1470 	  1.1323
-86.8100 	  33.0800 	  93.8170 	  15.3052
-154.5160 	 -46.3250 	 -1.5610 	  7.6961
 177.0830 	  39.9380 	 -104.2280 	 -0.6951
 33.8980 	  49.4580 	 -19.0000 	 -4.2205
 38.4020 	 -43.3340 	  7.4640 	 -4.9795
-138.0210 	 -34.6500 	  4.8740 	  14.7056
-1.2670 	 -31.0030 	  37.5020 	  0.3760
-14.1020 	 -58.3670 	  38.6490 	  2.2155
 106.6720 	 -34.6580 	 -18.7380 	 -16.6953
 117.0870 	 -31.5440 	 -8.4040 	 -17.9960
-98.7840 	 -40.9270 	  15.2850 	  15.1041
-4.8210 	 -50.8650 	  38.6170 	  1.0638
 4.5090 	 -48.4650 	  49.7610 	 -0.1818
-46.7080 	 -44.8370 	  24.6090 	  7.1060
 121.2330 	 -25.4240 	 -47.2680 	 -20.3507
 122.7960 	 -27.2600 	 -60.0010 	 -19.4247
 128.7830 	 -23.9550 	 -31.0870 	 -20.3576
 138.7030 	 -29.6440 	 -10.7420 	 -15.7491
 143.9810 	  28.0180 	  16.2450 	 -15.0063
-121.4730 	  42.7860 	 -8.2660 	  14.4715
-130.9150 	  58.9080 	  21.1590 	  8.7479
-160.1960 	  29.4160 	  2.8550 	  9.1850
-143.1100 	  24.6340 	  20.3780 	  17.1164
-135.2470 	  28.3670 	 -3.2370 	  17.6707
 174.3150 	  45.5960 	 -9.5540 	 -1.3625
-134.6270 	  43.5390 	  52.1570 	  12.6365
-126.6300 	  43.4830 	  42.9250 	  13.7596
 136.6570 	  32.6780 	 -20.2410 	 -15.1176
 163.8950 	  48.5290 	 -57.8810 	 -4.0712
 120.1740 	 -17.1260 	 -24.5370 	 -25.4323
