data_lon 	 data_lat 	 data_v 	 model_v
 21.9090 	  43.9640 	  1.3550 	  56.5552
-28.8570 	 -42.5230 	  37.9210 	 -50.5420
 3.5310 	  28.4590 	 -19.4480 	  31.7215
-94.3410 	  23.5930 	 -26.6010 	  28.3272
 124.9140 	 -20.3400 	 -53.3850 	 -40.3380
-98.7700 	  24.8510 	  51.0510 	  33.4146
-125.8390 	  44.6220 	 -34.6630 	  41.3736
 140.1430 	 -16.7670 	 -24.3660 	 -34.9403
 134.1590 	  49.7440 	 -30.5890 	 -31.5337
 133.9630 	 -28.7190 	 -33.2800 	 -39.9923
 114.0720 	 -36.2770 	 -8.6740 	 -40.5864
 92.1380 	 -25.3370 	  13.1740 	 -24.5417
-82.8230 	 -35.4210 	  11.1570 	  20.1778
-21.8170 	 -26.7110 	 -0.0460 	 -66.1253
-64.9270 	 -57.8270 	  6.3670 	 -1.6269
-161.5730 	  54.6250 	  36.8390 	  17.2167
 94.0020 	  27.4170 	  25.4850 	 -27.4720
 174.4630 	 -56.1560 	 -20.2920 	 -1.9528
-98.9750 	 -41.3750 	 -8.6770 	  35.8413
-99.3070 	 -40.9010 	 -17.7480 	  36.1915
 120.0260 	 -19.5090 	 -12.9160 	 -39.6127
 78.4260 	 -24.6980 	  33.2570 	 -6.0861
 122.2790 	 -23.1810 	  3.8160 	 -41.3189
-93.0130 	 -41.9960 	 -49.9240 	  31.0309
-21.4880 	 -56.6300 	 -4.2930 	 -41.5619
-85.6880 	 -27.3200 	  43.5220 	  20.5319
 114.4160 	 -18.4210 	 -44.2050 	 -37.4630
 123.7490 	 -50.1750 	 -7.4370 	 -33.5271
 110.9650 	 -28.3520 	 -27.2990 	 -39.9486
-11.2820 	  51.3750 	 -58.4890 	 -41.1427
 35.9710 	 -29.8550 	 -0.8320 	  57.2628
 108.7630 	 -41.4250 	  27.2610 	 -37.1844
 161.1390 	  42.8800 	  4.7710 	 -17.1500
 123.0930 	 -45.4390 	 -36.4200 	 -37.0341
 148.8950 	 -29.7450 	  22.3770 	 -30.9352
 2.7540 	  50.2640 	 -19.9980 	  23.0612
 63.6700 	 -29.0700 	  9.2220 	  14.6915
 91.4890 	  47.9540 	 -11.1580 	 -23.4132
 75.9890 	 -34.2220 	  6.9940 	 -7.2928
 100.3000 	  53.4780 	 -63.8510 	 -25.6798
 11.2090 	  54.6320 	 -37.0990 	  43.3668
 98.2690 	  40.3760 	 -11.5460 	 -31.7527
 133.2360 	  42.4030 	 -36.7050 	 -36.5395
-72.5440 	  22.9480 	  10.3860 	 -2.2676
 83.0990 	 -45.4670 	  38.9910 	 -16.3829
-179.1630 	 -59.4900 	 -35.9780 	  3.1412
 88.2160 	 -55.5640 	  29.4370 	 -16.3372
 10.3920 	  11.1640 	  2.1280 	  64.9885
 14.8920 	  50.1220 	 -33.1400 	  50.2848
 60.3420 	  42.9390 	 -17.2380 	  13.6704
 107.3180 	 -45.3260 	 -24.3530 	 -34.6285
 123.9070 	 -37.4380 	 -8.1540 	 -40.9311
 138.2790 	  31.0330 	 -32.8170 	 -37.8677
-160.5090 	  33.1460 	  0.8400 	  23.1535
 179.7860 	  51.7090 	 -3.2530 	  2.1240
-159.9170 	  53.2070 	  12.2600 	  19.0079
-113.4990 	  40.7490 	  3.2990 	  42.7795
-107.7240 	  49.8780 	  6.4920 	  36.2354
-92.3690 	  52.7450 	  17.6240 	  25.9987
 120.5560 	  58.0480 	  19.7780 	 -26.4306
-16.0220 	  47.2060 	 -26.4620 	 -48.7237
 84.5150 	  42.1890 	 -36.7410 	 -18.6495
 40.5380 	 -40.9560 	  44.3160 	  43.4265
 47.4730 	 -44.8150 	 -7.5120 	  31.8267
-155.0730 	 -41.7560 	 -7.9240 	  26.9068
-86.5340 	 -30.6110 	  82.3660 	  23.2316
-102.0380 	 -28.5690 	 -9.7450 	  37.7111
-73.6320 	 -27.1580 	  108.8810 	  3.0661
-51.4090 	  52.1610 	  8.6930 	 -18.8893
-9.6270 	 -32.6010 	  83.1470 	 -49.4216
-86.8100 	  33.0800 	  93.8170 	  24.4197
-154.5160 	 -46.3250 	 -1.5610 	  25.9076
 177.0830 	  39.9380 	 -104.2280 	 -1.2948
 33.8980 	  49.4580 	 -19.0000 	  45.4111
 38.4020 	 -43.3340 	  7.4640 	  44.5916
-138.0210 	 -34.6500 	  4.8740 	  40.7138
-1.2670 	 -31.0030 	  37.5020 	 -13.0630
-14.1020 	 -58.3670 	  38.6490 	 -37.9328
 106.6720 	 -34.6580 	 -18.7380 	 -38.1267
 117.0870 	 -31.5440 	 -8.4040 	 -41.8767
-98.7840 	 -40.9270 	  15.2850 	  35.8207
-4.8210 	 -50.8650 	  38.6170 	 -26.8728
 4.5090 	 -48.4650 	  49.7610 	  31.2014
-46.7080 	 -44.8370 	  24.6090 	 -28.7199
 121.2330 	 -25.4240 	 -47.2680 	 -41.8383
 122.7960 	 -27.2600 	 -60.0010 	 -42.1768
 128.7830 	 -23.9550 	 -31.0870 	 -41.0425
 138.7030 	 -29.6440 	 -10.7420 	 -37.7683
 143.9810 	  28.0180 	  16.2450 	 -34.6520
-121.4730 	  42.7860 	 -8.2660 	  42.7177
-130.9150 	  58.9080 	  21.1590 	  29.5209
-160.1960 	  29.4160 	  2.8550 	  23.5490
-143.1100 	  24.6340 	  20.3780 	  37.5735
-135.2470 	  28.3670 	 -3.2370 	  42.2778
 174.3150 	  45.5960 	 -9.5540 	 -3.6355
-134.6270 	  43.5390 	  52.1570 	  39.4580
-126.6300 	  43.4830 	  42.9250 	  41.8335
 136.6570 	  32.6780 	 -20.2410 	 -38.4470
 163.8950 	  48.5290 	 -57.8810 	 -12.8521
 120.1740 	 -17.1260 	 -24.5370 	 -38.3199
