data_lon 	 data_lat 	 data_v 	 model_v
 21.9089 	  43.9642 	  1.3550 	  47.1977
-28.8574 	 -42.5230 	  37.9210 	 -54.8899
 3.5308 	  28.4585 	 -55.5233 	  27.6226
-94.3414 	  23.5932 	  22.8626 	  21.7871
 124.9137 	 -20.3398 	 -32.8372 	 -41.2994
-98.7698 	  24.8511 	  51.0510 	  27.1993
-125.8390 	  44.6222 	 -34.6630 	  37.2072
 140.1430 	 -16.7669 	 -6.7137 	 -35.2453
 134.1592 	  49.7440 	 -49.2726 	 -42.5618
 133.9626 	 -28.7194 	 -33.2800 	 -44.5067
 114.0722 	 -36.2766 	 -12.8839 	 -48.1133
 92.1385 	 -25.3368 	  12.4358 	 -26.9865
-82.8231 	 -35.4212 	  19.4753 	  15.8515
-21.8166 	 -26.7112 	 -13.5130 	 -72.6602
-64.9271 	 -57.8266 	  21.1555 	 -2.0451
-161.5729 	  54.6252 	  3.7136 	  10.5366
 94.0025 	  27.4170 	 -19.8772 	 -31.0051
 174.4627 	 -56.1555 	 -20.2920 	 -10.8829
-98.9753 	 -41.3746 	 -7.3304 	  32.3276
-99.3069 	 -40.9014 	 -12.5351 	  32.6029
 120.0257 	 -19.5089 	 -12.9160 	 -40.0040
 78.4261 	 -24.6985 	  21.4265 	 -7.9682
 122.2786 	 -23.1812 	 -8.9007 	 -43.4108
-93.0132 	 -41.9963 	 -12.5287 	  27.7430
-21.4885 	 -56.6295 	  5.7457 	 -44.5778
-85.6885 	 -27.3195 	  33.8271 	  14.5961
 114.4161 	 -18.4214 	 -22.9690 	 -37.1071
 123.7485 	 -50.1750 	 -24.4844 	 -45.3330
 110.9649 	 -28.3522 	 -44.7868 	 -44.1140
-11.2816 	  51.3746 	 -58.4890 	 -46.5738
 35.9711 	 -29.8554 	 -2.5440 	  53.2316
 108.7632 	 -41.4245 	  6.1724 	 -46.8429
 161.1387 	  42.8795 	 -13.1585 	 -25.0299
 123.0933 	 -45.4387 	 -9.1347 	 -47.5094
 148.8953 	 -29.7454 	  22.0853 	 -35.8719
 2.7540 	  50.2640 	 -14.9824 	  14.6133
 63.6699 	 -29.0700 	  10.9980 	  10.6472
 91.4892 	  47.9536 	 -21.7107 	 -36.0881
 75.9894 	 -34.2225 	  3.8005 	 -14.1283
 100.2997 	  53.4783 	 -63.8510 	 -39.7971
 11.2091 	  54.6321 	 -37.0990 	  31.9955
 98.2694 	  40.3757 	 -33.6482 	 -41.2616
 133.2357 	  42.4028 	 -44.4610 	 -45.6256
-72.5440 	  22.9475 	  8.5979 	 -9.3525
 83.0986 	 -45.4667 	  5.9085 	 -28.3117
-179.1629 	 -59.4902 	 -38.7288 	 -5.5222
 88.2156 	 -55.5642 	  24.6809 	 -31.6730
 10.3922 	  11.1635 	 -2.4403 	  66.8062
 14.8922 	  50.1217 	 -65.7112 	  39.6323
 60.3421 	  42.9393 	 -30.3773 	  2.7707
 107.3184 	 -45.3258 	 -6.7265 	 -45.7681
 123.9075 	 -37.4378 	 -8.1540 	 -48.6996
 138.2789 	  31.0327 	 -39.7890 	 -43.2055
-160.5093 	  33.1462 	  0.8400 	  17.8430
 179.7861 	  51.7091 	 -19.9401 	 -5.8590
-159.9165 	  53.2069 	 -16.5814 	  12.5506
-113.4989 	  40.7487 	  3.2990 	  38.7915
-107.7237 	  49.8783 	  6.4920 	  33.3488
-92.3694 	  52.7453 	  21.6022 	  24.1275
 120.5556 	  58.0478 	 -32.6292 	 -40.3210
-16.0216 	  47.2062 	 -42.9723 	 -53.7660
 84.5149 	  42.1886 	 -41.4104 	 -29.1770
 40.5381 	 -40.9564 	  17.1945 	  34.0416
 47.4732 	 -44.8152 	 -0.1240 	  20.4030
-155.0729 	 -41.7563 	 -13.5640 	  21.3246
-86.5344 	 -30.6114 	  25.7458 	  17.9706
-102.0378 	 -28.5693 	  14.3183 	  32.1877
-73.6316 	 -27.1584 	  74.0384 	 -3.0559
-51.4086 	  52.1613 	  8.6930 	 -20.2676
-9.6269 	 -32.6008 	  55.7135 	 -55.5576
-86.8105 	  33.0796 	  56.6240 	  19.6422
-154.5155 	 -46.3249 	  2.3322 	  20.1755
 177.0833 	  39.9376 	 -81.1523 	 -7.9292
 33.8982 	  49.4575 	 -22.8111 	  32.7851
 38.4023 	 -43.3339 	  18.6284 	  34.2515
-138.0213 	 -34.6503 	  22.7831 	  35.7043
-1.2673 	 -31.0031 	  34.8741 	 -18.5936
-14.1021 	 -58.3672 	 -0.9545 	 -42.0638
 106.6723 	 -34.6585 	 -16.0412 	 -45.0789
 117.0873 	 -31.5443 	 -12.8572 	 -47.4486
-98.7840 	 -40.9268 	 -0.9002 	  32.2478
-4.8208 	 -50.8646 	  18.8528 	 -33.6051
 4.5093 	 -48.4647 	  10.6337 	  22.7680
-46.7076 	 -44.8373 	  24.6090 	 -31.6293
 121.2326 	 -25.4243 	 -33.5647 	 -44.8669
 122.7965 	 -27.2596 	 -40.1739 	 -46.0033
 128.7826 	 -23.9549 	 -25.3850 	 -43.6397
 138.7027 	 -29.6442 	 -10.7420 	 -42.6364
 143.9810 	  28.0176 	 -42.8551 	 -39.0183
-121.4729 	  42.7859 	 -8.2660 	  38.6271
-130.9152 	  58.9080 	  30.6603 	  25.3438
-160.1963 	  29.4163 	  12.3966 	  18.4715
-143.1097 	  24.6341 	  19.4511 	  32.3425
-135.2466 	  28.3667 	 -9.1208 	  37.0313
 174.3152 	  45.5962 	 -27.6729 	 -11.2355
-134.6274 	  43.5395 	  31.6443 	  34.8286
-126.6300 	  43.4835 	  23.1027 	  37.5691
 136.6575 	  32.6778 	 -31.3808 	 -44.3464
 163.8954 	  48.5293 	 -58.2165 	 -21.5922
 120.1742 	 -17.1262 	 -24.5370 	 -37.6377
